mae
5.915800967210463
